0 [0.00e+00, 1.00e+00]
100 [-4.85e-02, 1.03e+00]
200 [-7.82e-02, 1.03e+00]
300 [-3.61e-02, 9.64e-01]
400 [1.23e-02, 8.96e-01]
500 [4.40e-02, 8.51e-01]
600 [6.87e-02, 8.16e-01]
700 [9.01e-02, 7.85e-01]
800 [1.08e-01, 7.58e-01]
900 [1.23e-01, 7.35e-01]
1000 [1.34e-01, 7.16e-01]
1100 [1.43e-01, 6.98e-01]
1200 [1.50e-01, 6.83e-01]
1300 [1.56e-01, 6.68e-01]
1400 [1.60e-01, 6.55e-01]
1500 [1.63e-01, 6.44e-01]
1600 [1.66e-01, 6.33e-01]
1700 [1.68e-01, 6.23e-01]
1800 [1.69e-01, 6.13e-01]
1900 [1.70e-01, 6.04e-01]
2000 [1.71e-01, 5.95e-01]
2100 [1.71e-01, 5.87e-01]
2200 [1.71e-01, 5.79e-01]
2300 [1.71e-01, 5.71e-01]
2400 [1.71e-01, 5.64e-01]
2500 [1.70e-01, 5.56e-01]
2600 [1.70e-01, 5.49e-01]
2700 [1.69e-01, 5.41e-01]
2800 [1.68e-01, 5.34e-01]
2900 [1.67e-01, 5.27e-01]
3000 [1.66e-01, 5.20e-01]
3100 [1.64e-01, 5.13e-01]
3200 [1.63e-01, 5.07e-01]
3300 [1.62e-01, 5.01e-01]
3400 [1.60e-01, 4.94e-01]
3500 [1.59e-01, 4.88e-01]
3600 [1.57e-01, 4.81e-01]
3700 [1.55e-01, 4.75e-01]
3800 [1.54e-01, 4.69e-01]
3900 [1.52e-01, 4.63e-01]
4000 [1.50e-01, 4.57e-01]
4100 [1.48e-01, 4.51e-01]
4200 [1.46e-01, 4.45e-01]
4300 [1.44e-01, 4.40e-01]
4400 [1.42e-01, 4.34e-01]
4500 [1.40e-01, 4.28e-01]
4600 [1.38e-01, 4.23e-01]
4700 [1.36e-01, 4.17e-01]
4800 [1.34e-01, 4.12e-01]
4900 [1.32e-01, 4.07e-01]
5000 [1.30e-01, 4.01e-01]
5100 [1.27e-01, 3.96e-01]
5200 [1.25e-01, 3.91e-01]
5300 [1.23e-01, 3.86e-01]
5400 [1.21e-01, 3.81e-01]
5500 [1.18e-01, 3.75e-01]
5600 [1.16e-01, 3.70e-01]
5700 [1.14e-01, 3.65e-01]
5800 [1.11e-01, 3.61e-01]
5900 [1.09e-01, 3.56e-01]
6000 [1.06e-01, 3.51e-01]
6100 [1.04e-01, 3.46e-01]
6200 [1.02e-01, 3.41e-01]
6300 [9.91e-02, 3.37e-01]
6400 [9.65e-02, 3.32e-01]
6500 [9.41e-02, 3.27e-01]
6600 [9.15e-02, 3.23e-01]
6700 [8.90e-02, 3.19e-01]
6800 [8.64e-02, 3.14e-01]
6900 [8.39e-02, 3.10e-01]
7000 [8.14e-02, 3.05e-01]
7100 [7.88e-02, 3.01e-01]
7200 [7.62e-02, 2.97e-01]
7300 [7.36e-02, 2.92e-01]
7400 [7.10e-02, 2.88e-01]
7500 [6.83e-02, 2.84e-01]
7600 [6.57e-02, 2.80e-01]
7700 [6.30e-02, 2.75e-01]
7800 [6.03e-02, 2.71e-01]
7900 [5.76e-02, 2.67e-01]
8000 [5.49e-02, 2.63e-01]
8100 [5.23e-02, 2.59e-01]
8200 [4.96e-02, 2.55e-01]
8300 [4.67e-02, 2.51e-01]
8400 [4.41e-02, 2.47e-01]
8500 [4.14e-02, 2.43e-01]
8600 [3.87e-02, 2.39e-01]
8700 [3.58e-02, 2.36e-01]
8800 [3.31e-02, 2.32e-01]
8900 [3.04e-02, 2.28e-01]
9000 [2.75e-02, 2.24e-01]
9100 [2.48e-02, 2.20e-01]
9200 [2.19e-02, 2.17e-01]
9300 [1.91e-02, 2.13e-01]
9400 [1.63e-02, 2.09e-01]
9500 [1.35e-02, 2.06e-01]
9600 [1.06e-02, 2.02e-01]
9700 [7.85e-03, 1.99e-01]
9800 [4.98e-03, 1.95e-01]
9900 [2.11e-03, 1.92e-01]
10000 [-7.17e-04, 1.88e-01]
10100 [-3.60e-03, 1.85e-01]
10200 [-6.42e-03, 1.81e-01]
10300 [-9.28e-03, 1.78e-01]
10400 [-1.22e-02, 1.74e-01]
10500 [-1.50e-02, 1.71e-01]
10600 [-1.79e-02, 1.67e-01]
10700 [-2.08e-02, 1.64e-01]
10800 [-2.37e-02, 1.61e-01]
10900 [-2.66e-02, 1.57e-01]
11000 [-2.95e-02, 1.54e-01]
11100 [-3.24e-02, 1.51e-01]
11200 [-3.54e-02, 1.48e-01]
11300 [-3.82e-02, 1.44e-01]
11400 [-4.12e-02, 1.41e-01]
11500 [-4.41e-02, 1.38e-01]
11600 [-4.70e-02, 1.35e-01]
11700 [-5.00e-02, 1.32e-01]
11800 [-5.29e-02, 1.29e-01]
11900 [-5.58e-02, 1.26e-01]
12000 [-5.88e-02, 1.22e-01]
12100 [-6.17e-02, 1.19e-01]
12200 [-6.47e-02, 1.16e-01]
12300 [-6.76e-02, 1.13e-01]
12400 [-7.06e-02, 1.10e-01]
12500 [-7.35e-02, 1.07e-01]
12600 [-7.65e-02, 1.04e-01]
12700 [-7.95e-02, 1.01e-01]
12800 [-8.24e-02, 9.84e-02]
12900 [-8.54e-02, 9.54e-02]
13000 [-8.83e-02, 9.24e-02]
13100 [-9.14e-02, 8.97e-02]
13200 [-9.44e-02, 8.68e-02]
13300 [-9.73e-02, 8.39e-02]
13400 [-1.00e-01, 8.11e-02]
13500 [-1.03e-01, 7.82e-02]
13600 [-1.06e-01, 7.55e-02]
13700 [-1.09e-01, 7.26e-02]
13800 [-1.12e-01, 6.99e-02]
13900 [-1.15e-01, 6.71e-02]
14000 [-1.18e-01, 6.44e-02]
14100 [-1.21e-01, 6.16e-02]
14200 [-1.24e-01, 5.90e-02]
14300 [-1.27e-01, 5.61e-02]
14400 [-1.30e-01, 5.35e-02]
14500 [-1.33e-01, 5.07e-02]
14600 [-1.36e-01, 4.82e-02]
14700 [-1.39e-01, 4.55e-02]
14800 [-1.42e-01, 4.29e-02]
14900 [-1.45e-01, 4.02e-02]
15000 [-1.48e-01, 3.77e-02]
15100 [-1.51e-01, 3.50e-02]
15200 [-1.54e-01, 3.24e-02]
15300 [-1.57e-01, 2.99e-02]
15400 [-1.60e-01, 2.73e-02]
15500 [-1.63e-01, 2.48e-02]
15600 [-1.66e-01, 2.23e-02]
15700 [-1.69e-01, 1.97e-02]
15800 [-1.73e-01, 1.72e-02]
15900 [-1.76e-01, 1.47e-02]
16000 [-1.79e-01, 1.22e-02]
16100 [-1.82e-01, 9.80e-03]
16200 [-1.85e-01, 7.38e-03]
16300 [-1.88e-01, 4.96e-03]
16400 [-1.91e-01, 2.59e-03]
16500 [-1.94e-01, 1.86e-04]
16600 [-1.97e-01, -2.25e-03]
16700 [-2.00e-01, -4.70e-03]
16800 [-2.03e-01, -7.01e-03]
16900 [-2.06e-01, -9.36e-03]
17000 [-2.09e-01, -1.17e-02]
17100 [-2.12e-01, -1.40e-02]
17200 [-2.15e-01, -1.63e-02]
17300 [-2.18e-01, -1.87e-02]
17400 [-2.21e-01, -2.09e-02]
17500 [-2.24e-01, -2.31e-02]
17600 [-2.27e-01, -2.55e-02]
17700 [-2.30e-01, -2.77e-02]
17800 [-2.33e-01, -2.99e-02]
17900 [-2.36e-01, -3.22e-02]
18000 [-2.39e-01, -3.43e-02]
18100 [-2.42e-01, -3.66e-02]
18200 [-2.45e-01, -3.88e-02]
18300 [-2.48e-01, -4.09e-02]
18400 [-2.51e-01, -4.32e-02]
18500 [-2.54e-01, -4.53e-02]
18600 [-2.57e-01, -4.74e-02]
18700 [-2.60e-01, -4.96e-02]
18800 [-2.64e-01, -5.18e-02]
18900 [-2.67e-01, -5.37e-02]
19000 [-2.70e-01, -5.59e-02]
19100 [-2.73e-01, -5.80e-02]
19200 [-2.76e-01, -6.01e-02]
19300 [-2.79e-01, -6.22e-02]
19400 [-2.82e-01, -6.42e-02]
19500 [-2.85e-01, -6.63e-02]
19600 [-2.88e-01, -6.84e-02]
19700 [-2.91e-01, -7.03e-02]
19800 [-2.94e-01, -7.23e-02]
19900 [-2.97e-01, -7.43e-02]
20000 [-3.00e-01, -7.63e-02]
20100 [-3.03e-01, -7.83e-02]
20200 [-3.05e-01, -8.04e-02]
20300 [-3.09e-01, -8.23e-02]
20400 [-3.11e-01, -8.43e-02]
20500 [-3.15e-01, -8.63e-02]
20600 [-3.18e-01, -8.82e-02]
20700 [-3.21e-01, -9.02e-02]
20800 [-3.24e-01, -9.21e-02]
20900 [-3.27e-01, -9.40e-02]
21000 [-3.30e-01, -9.59e-02]
21100 [-3.33e-01, -9.77e-02]
21200 [-3.36e-01, -9.97e-02]
21300 [-3.39e-01, -1.02e-01]
21400 [-3.42e-01, -1.03e-01]
21500 [-3.45e-01, -1.05e-01]
21600 [-3.48e-01, -1.07e-01]
21700 [-3.50e-01, -1.09e-01]
21800 [-3.53e-01, -1.11e-01]
21900 [-3.56e-01, -1.13e-01]
22000 [-3.59e-01, -1.14e-01]
22100 [-3.62e-01, -1.16e-01]
22200 [-3.65e-01, -1.18e-01]
22300 [-3.68e-01, -1.20e-01]
22400 [-3.71e-01, -1.22e-01]
22500 [-3.74e-01, -1.23e-01]
22600 [-3.77e-01, -1.25e-01]
22700 [-3.80e-01, -1.27e-01]
22800 [-3.83e-01, -1.29e-01]
22900 [-3.86e-01, -1.30e-01]
23000 [-3.89e-01, -1.32e-01]
23100 [-3.92e-01, -1.34e-01]
23200 [-3.95e-01, -1.35e-01]
23300 [-3.98e-01, -1.37e-01]
23400 [-4.01e-01, -1.39e-01]
23500 [-4.04e-01, -1.41e-01]
23600 [-4.07e-01, -1.42e-01]
23700 [-4.10e-01, -1.44e-01]
23800 [-4.13e-01, -1.46e-01]
23900 [-4.16e-01, -1.47e-01]
24000 [-4.19e-01, -1.49e-01]
24100 [-4.22e-01, -1.50e-01]
24200 [-4.25e-01, -1.52e-01]
24300 [-4.28e-01, -1.54e-01]
24400 [-4.31e-01, -1.55e-01]
24500 [-4.34e-01, -1.57e-01]
24600 [-4.36e-01, -1.58e-01]
24700 [-4.39e-01, -1.60e-01]
24800 [-4.42e-01, -1.62e-01]
24900 [-4.45e-01, -1.63e-01]
25000 [-4.48e-01, -1.65e-01]
25100 [-4.51e-01, -1.66e-01]
25200 [-4.54e-01, -1.68e-01]
25300 [-4.57e-01, -1.69e-01]
25400 [-4.60e-01, -1.71e-01]
25500 [-4.63e-01, -1.72e-01]
25600 [-4.66e-01, -1.74e-01]
25700 [-4.69e-01, -1.75e-01]
25800 [-4.71e-01, -1.77e-01]
25900 [-4.74e-01, -1.78e-01]
26000 [-4.77e-01, -1.80e-01]
26100 [-4.80e-01, -1.81e-01]
26200 [-4.83e-01, -1.83e-01]
26300 [-4.86e-01, -1.84e-01]
26400 [-4.89e-01, -1.85e-01]
26500 [-4.92e-01, -1.87e-01]
26600 [-4.95e-01, -1.88e-01]
26700 [-4.98e-01, -1.90e-01]
26800 [-5.00e-01, -1.91e-01]
26900 [-5.03e-01, -1.92e-01]
27000 [-5.06e-01, -1.94e-01]
27100 [-5.09e-01, -1.95e-01]
27200 [-5.12e-01, -1.97e-01]
27300 [-5.15e-01, -1.98e-01]
27400 [-5.18e-01, -1.99e-01]
27500 [-5.21e-01, -2.01e-01]
27600 [-5.23e-01, -2.02e-01]
27700 [-5.26e-01, -2.03e-01]
27800 [-5.29e-01, -2.05e-01]
27900 [-5.32e-01, -2.06e-01]
28000 [-5.35e-01, -2.07e-01]
28100 [-5.38e-01, -2.09e-01]
28200 [-5.41e-01, -2.10e-01]
28300 [-5.44e-01, -2.11e-01]
28400 [-5.46e-01, -2.13e-01]
28500 [-5.49e-01, -2.14e-01]
28600 [-5.52e-01, -2.15e-01]
28700 [-5.55e-01, -2.16e-01]
28800 [-5.58e-01, -2.18e-01]
28900 [-5.60e-01, -2.19e-01]
29000 [-5.63e-01, -2.20e-01]
29100 [-5.66e-01, -2.21e-01]
29200 [-5.69e-01, -2.22e-01]
29300 [-5.72e-01, -2.24e-01]
29400 [-5.74e-01, -2.25e-01]
29500 [-5.77e-01, -2.26e-01]
29600 [-5.80e-01, -2.27e-01]
29700 [-5.83e-01, -2.28e-01]
29800 [-5.86e-01, -2.30e-01]
29900 [-5.89e-01, -2.31e-01]
30000 [-5.91e-01, -2.32e-01]
30000 [-5.91e-01, -2.32e-01]